C411, 700, 50, 0.7, 2000, 3000, 8000
C421, 650, 120, 0.5, 1000, 2000, 6000
C321, 500, 40, 0.5, 1000, 2000, 6000
RU, 900, 300, 0.6, 3000, 3000, 12000
Kfet, 100, 500, 1, 3000, 4000, 12000
Carib, 800, 800, 0.8, 3000, 4000, 12000
Yoan, 750, 300, 0.7, 1000, 2000, 6000
Valentin, 670, 320, 0.8, 1000, 3000, 6000
Colin, 450, 600, 0.5, 800, 1500, 4000
LSV, 50, 100, 0.7, 2000, 3000, 9000
#
0, 1, 40, 0.2
1, 0, 40, 0.2
1, 2, 70, 0.3
2, 1, 70, 0.3
0, 2, 70, 0.3
2, 0, 70, 0.3
0, 3, 150, 0.5
3, 0, 150, 0.5
2, 9, 500, 2
9, 2, 500, 2
6, 7, 30, 0.1
7, 6, 30, 0.1
0, 6, 120, 0.4
6, 0, 120, 0.4
8, 5, 320, 0.9
5, 8, 320, 0.9
7, 5, 350, 1.1
5, 7, 350, 1.1
7, 8, 400, 1
8, 7, 400, 1
8, 4, 250, 0.7
4, 8, 250, 0.7
4, 9, 400, 1.3
9, 4, 400, 1.3
8, 2, 450, 1.4
2, 8, 450, 1.4
3, 6, 180, 0.6
6, 3, 180, 0.6
